# Timestamp
574626680
574826191
575025332
575224585
575423734
575622981
575822162
576021410
576220548
576419801
576619001
576818141
577017436
577216612
577415804
577614951
577814336
578013647
578212842
578412016
578611161
578810503
579009576
579208810
579408015
579607318
579806508
580005653
580204912
580404075
580603219
580802524
581001922
581201000
581400333
581599521
581798689
581997956
582197156
582396333
582595494
582794695
582993970
583193198
583392368
583591528
583790706
583990055
584189393
584388573
584587713
584787037
584986237
585185376
585384543
585583835
585783016
585982258
586181485
586380654
586579790
586778970
586978300
587177668
587375966
587575102
587774412
587973487
588172769
588371960
588571154
588770360
588969559
589168808
589368001
589567232
589766376
589965652
590164827
590364154
590563419
590762610
590961813
591161143
591360211
591559366
591758702
591957866
592157023
592356229
592555465
592754642
592953829
593153130
593352507
593551685
593750843
593950112
594149320
594348532
594547755
594746931
594946160
595145358
595344532
595543760
595742972
595942178
596141338
596340581
596540023
596739230
596938393
597137629
597336694
597536014
597735196
597934305
598133681
598332853
598532058
598731278
598930498
599129666
599328906
599528103
599727435
599926648
600125857
600325064
600524286
600723467
600922703
601121896
601321151
601520323
601719475
601918745
602117909
602317132
602516343
602715763
602914017
603113142
603312440
603511576
603710839
603910017
604109177
604308457
604507691
604706792
604905963
605105249
605304401
605503649
605702822
605902338
606101540
606300711
606499873
606699207
606898358
607097499
607296688
607495925
607695138
607894381
608093543
608292742
608491956
608691186
608890656
609089719
609288975
609488215
609687391
609886545
610085835
610285088
610484176
610683617
610882621
611082166
611280998
611480207
611683942
611878617
612077998
612277176
612476537
612675596
612875443
613074068
613273360
613472460
613671676
613870901
614070036
614269346
614468461
614667677
614866960
615066178
615265541
615464802
615663895
615863681
616062844
616261605
616460800
616660017
616859203
617058360
617257609
617456797
617656301
617855184
618054752
618253835
618452062
618651316
618850537
619049710
619248893
619448082
619647265
619846510
620045686
620244987
620444175
620643362
620842576
621041829
621240988
621440350
621646663
621838713
622037980
622237166
622436402
622635536
622834758
623034031
623233250
623432382
623631645
623830836
624030011
624229249
624428543
624627794
624827003
625026581
625225409
625424624
625623779
625823030
626022238
626221442
626420658
626619889
626819124
627018259
627217448
627416762
627616026
627815342
628014558
628213702
628412925
628612134
628811311
629010572
629209741
629412133
629608232
629807327
630006681
630205698
630405872
630604560
630803584
631002735
631202088
631401235
631600412
631799580
631998855
632198040
632397708
632596423
632795671
632994856
633194039
633393316
633592474
633791684
633991070
634189327
634388529
634587824
634787001
634986165
635185421
635384617
635583788
635782982
635982158
636181345
636381041
636579751
636778983
636979270
637177673
637376831
637576004
637775269
637974525
638173641
638372880
638572084
638771287
638970433
639169731
639368932
639568152
639767223
639966593
640165864
640365088
640564315
640763501
640962690
641161850
641361145
641560354
641759470
641958771
642157930
642357089
642556367
642755576
642954710
643154066
643353406
643552516
643751803
643950892
644150105
644349422
644548534
644747828
644946968
645146293
645345329
645544688
645743928
645942994
646142265
646341686
646540850
646740078
646939180
647138507
647337714
647536914
647736025
647935273
648134497
648333801
648532960
648732257
648931370
649130514
649329741
649529243
649727387
649926591
650125740
650325023
650524286
650723415
650922628
651121816
651321087
651520245
651719604
651918652
652117892
652317123
652516446
652715731
652914953
653114729
653313331
653512525
653711759
653910972
654110242
654309342
654508742
654707735
654906941
655106220
655305413
655504551
655703944
655903127
656102503
656301606
656500774
656699974
656899166
657098346
657297639
657496833
657696017
657895232
658094407
658293690
658492840
658691981
658891378
659090702
659289825
659489018
659688271
659887431
660086604
660285796
660485087
660684317
660883436
661082618
661281971
661481151
661680430
661879787
662078991
662278195
662477387
662676609
662875729
663075007
663274112
663473401
663672566
663871826
664070990
664270246
664469445
664668629
664867832
665067246
665265380
665464709
665663911
665863099
666062311
666261518
666460707
666659912
666859119
667058327
667257576
667456797
667655988
667855176
668054541
668253740
668452966
668652165
668851386
669050597
669249796
669448985
669648256
669847419
670046635
670245864
670445064
670644284
670843506
671042681
671242080
671441190
671640502
671839697
672038914
672238125
672437328
672636435
672835675
673034829
673234052
673433265
673632435
673831743
674030913
674230099
674429585
674628790
674827980
675027181
675226387
675425585
675624739
675823932
676023115
676222334
676421541
676620779
676820000
677019230
677218430
677417849
677617037
677816227
678015442
678214631
678413811
678613119
678812299
679011376
679210586
679409814
679609031
679808375
680007431
680206626
680405932
680605346
680803577
681002894
681201937
681401225
681603440
681799618
681998760
682198021
682398011
682596320
682795563
682994826
683194107
683393308
683592468
683791885
683991060
684190227
684389421
684588614
684787851
684987119
685186283
685385480
685584683
685783936
685983130
686182268
686381483
686580930
686780130
686979374
687178605
687377737
687576969
687776089
687975423
688174516
688373813
688572974
688772241
688974448
689170610
689369777
689569053
689768241
689967854
690166868
690365952
690565133
690764346
690963555
691162824
691362042
691561234
691760407
691959611
692158954
692358100
692557293
692756475
692955777
693155015
693354301
693553453
693752693
693951916
694151111
694350365
694549515
694750679
694947922
695147069
695346344
695545640
695744763
695944311
696143450
696342549
696540821
696740072
696939213
697138454
697337636
697536861
697736086
697935274
698134507
698333703
698532918
698732094
698931419
699130440
699329936
699529101
699728396
699927525
700126796
700325993
700525211
700724345
700923572
701122730
701321916
701521148
701720395
701919562
702118813
702318389
702517431
702716581
702915842
703115028
703314281
703513443
703712740
703911892
704111003
704310588
704509428
704708700
704907848
705107025
705306236
705505626
705704956
705904097
706103235
706302457
706501632
706700851
706900210
707099295
707301199
707498171
707696946
707896148
708095355
708294588
708493717
708693208
708892568
709091517
709291389
709489950
709689219
709888447
710087630
710286913
710485933
710685899
710884398
711083756
711282872
711482047
711681465
711880774
712078923
712278155
712477341
712676532
712875733
713074927
713274130
713473329
713672534
713871716
714070904
714270103
714469371
714668522
714868117
715067201
715266323
715465591
715665269
715864089
716063197
716262415
716461669
716661778
716859990
717059168
717258433
717457741
717659938
717856340
718055405
718254716
718453860
718653327
718852255
719051552
719250698
719449888
719649129
719848339
720047594
720246719
720446029
720645151
720844433
721043811
721243009
721442169
721641261
721840500
722039858
722239111
722438193
722637329
722836632
723035826
723235039
723434265
723633450
723832531
724031865
724231264
724430476
724629824
724828866
725028078
725227257
725426499
725625654
725824957
726024102
726223303
726422576
726621708
726820903
727020175
727219570
727418784
727616900
727816134
728015334
728214650
728413780
728612957
728812158
729011368
729210689
729409814
729608973
729808284
730007509
730206649
730406113
730605193
730804448
731003687
731202822
731402140
731601331
731800445
731999644
732198942
732398142
732597268
732796513
732995668
733194952
733394184
733593652
733792776
733991982
734191142
734390353
734589641
734788802
734988029
735187171
735386390
735585566
735784757
735984030
736183231
736382410
736581801
736781001
736980137
737179445
737378536
737577847
737776996
737976334
738175521
738374625
738573937
738773084
738972345
739171427
739370756
739569958
739769323
739968509
740167786
740366938
740566150
740765317
740964557
741163671
741363001
741562164
741761364
741960542
742159816
742358967
742558176
742757393
742956823
743156082
743354239
743553404
743752574
743951865
744151123
744350261
744549444
744748614
744947897
745147114
745346277
745545442
745744745
745944103
746143344
746342515
746541701
746740952
746940193
747139372
747338497
747537789
747736967
747936148
748135518
748334550
748533739
748733038
748932233
749131542
749330823
749530053
749729253
749928447
750127648
750326869
750526062
750725216
750924466
751123631
751322847
751522120
751721241
751920439
752119927
752319144
752518308
752717499
752916615
753115909
753315157
753514254
753713520
753912803
754111908
754311190
754510269
754709593
754908678
755107974
755307390
755506557
755705786
755904960
756104273
756303399
756502622
756701856
756901026
757100143
757299374
757498643
757697864
757897031
758096281
758295375
758494952
758694033
758892336
759091476
759290743
759489964
759689155
759888321
760087558
760286793
760485881
760685101
760884293
761083498
761282738
761482192
761681338
761880579
762079795
762279015
762478212
762677424
762876643
763075860
763275043
763474237
763673435
763872636
764071813
764271089
764470260
764669657
764868825
765068020
765267348
765466585
765665648
765864863
766064116
766263259
766462507
766661794
766860865
767060141
767259275
767458541
767657790
767857229
768056380
768255583
768454760
768653998
768853215
769052411
769251625
769450817
769650028
769849248
770048432
770247650
770446861
770646084
770845418
771044659
771243834
771443038
771642273
771841493
772040609
772239819
772439011
772638204
772837533
773036649
773235847
773435056
773634305
773833503
774032935
774232163
774430307
774629521
774828877
775027971
775227171
775426390
775625621
775824849
776024177
776223236
776422451
776621638
776820870
777020278
777219505
777418691
777617920
777817144
778016377
778215484
778414824
778613959
778813124
779012264
779211515
779410661
779609986
779809087
780008284
780207762
780406905
780606170
780805353
781004601
781203748
781402908
781602165
781801375
782000572
782199765
782398948
782598206
782797438
782996627
783195863
783395228
783594415
783793607
783992974
784192065
784391173
784590468
784789698
784988867
785188158
785387230
785586534
785785692
785984935
786184135
786383665
786582762
786781969
