Timestamp
601079998
601279200
601478403
601677610
601876814
602076019
602275223
602474430
602673636
602872840
603072043
603271248
603470452
603669658
603868863
604068068
604267272
604466475
604665680
604864886
605064089
605263294
605462498
605661703
605860913
606060114
606259317
606458526
606657728
606856935
607056136
607255342
607454545
607653752
607852956
608052160
608251363
608450579
608649774
608848978
609048184
609247387
609446592
609645797
609845001
610044206
610243411
610442614
610641818
610841022
611040228
611239431
611438636
611637841
611837047
612036251
612235454
612434658
612633863
612833070
613032273
613231476
613430680
613629885
613829090
614028303
614227499
614426703
614625908
614825113
615024318
615223522
615422726
615621930
615821135
616020345
616219545
616418752
616617953
616817161
617016364
617215570
617414772
617613977
617813180
618012390
618211590
618410794
618609998
618809205
619008409
619207613
619406816
619606022
619805226
620004432
620203635
620402841
620602043
620801250
621000454
621199657
621398862
621598066
621797273
621996477
622195683
622394885
622594089
622793293
622992499
623191703
623390907
623590112
623789316
623988521
624187725
624386931
624586133
624785337
624984541
625183746
625382950
625582155
625781360
625980563
626179768
626378973
626578176
626777380
626976584
627175789
627374993
627574197
627773401
627972605
628171811
628371013
628570219
628769422
628968626
629167831
629367035
629566239
629765443
629964648
630163853
630363057
630562260
630761464
630960668
631159873
631359078
631558281
631757484
631956690
632155894
632355097
632554303
632753505
632952711
633151916
633351117
633550321
633749525
633948731
634147936
634347139
634546343
634745546
634944751
635143956
635343160
635542363
635741567
635940771
636139977
636339179
636538383
636737589
636936791
637135996
637335202
637534404
637733607
637932814
638132017
638331220
638530424
638729627
638928833
639128036
639327240
639526443
639725647
639924851
640124055
640323260
640522463
640721667
640920872
641120075
641319281
641518484
641717687
641916891
642116097
642315300
642514504
642713709
642912912
643112116
643311321
643510525
643709730
643908932
644108136
644307341
644506545
644705749
644904954
645104158
645303362
645502565
645701768
645900972
646100177
646299381
646498587
646697788
646896992
647096196
647295401
647494604
647693811
647893013
648092216
648291421
648490626
648689828
648889032
649088236
649287441
649486644
649685848
649885052
650084257
650283461
650482676
650681876
650881966
651080313
651281801
651482777
651677909
651877111
652076339
652275520
652474713
652673919
652873124
653072333
653271531
653470740
653669939
653869149
654068344
654267563
654466754
654665963
654865184
655064381
655263987
655462775
655661989
655861183
656060398
656259597
656458802
656658001
656857212
657056427
657255662
657455335
657654036
657853239
658052459
658251642
658451088
658650049
658849275
659048607
659247702
659446867
659646066
659845275
660044475
660243693
660442882
660642095
660843823
661040507
661239713
661438910
661638104
661837317
662036512
662235729
662434919
662634133
662833342
663032544
663231926
663430936
663630138
663829341
664028548
664227753
664426956
664626157
664825361
665024565
665223770
665422975
665622179
665821382
666020585
666219791
666418994
666618198
666817449
667016623
667215836
667415030
667614251
667813448
668012639
668211845
668411046
668610269
668809449
669008668
669207942
669407060
669606271
669805470
670004685
670203875
670403091
670602284
670801496
671000696
671199903
671399100
671598313
671797505
671999352
672197298
672399966
672594322
672793553
672992934
673192135
673391144
673590343
673789556
673988753
674187969
674387159
674586371
674785567
674984791
675183973
675383184
675582385
675781707
675980864
676180005
676379208
676578408
676777601
676976826
677176014
677375214
677574423
677773620
677972837
678172162
678371244
678570437
678769649
678968852
679168066
679368200
679566483
679765657
679964857
680164079
680363275
680562480
680761678
680960878
681160082
681359287
681558490
681757697
681956914
682156202
682355315
682554524
682753722
682952936
683152137
683351343
683550542
683749753
683948950
684148172
684347357
684546565
684745766
684944973
685144338
685343383
685542592
685741808
685941009
686140209
686339418
686538613
686738919
686937071
687136243
687335431
687534637
687733846
687933050
688132248
688331458
688530657
688729868
688929088
689128278
689327481
689526676
689725921
689925082
690124312
690323491
690522714
690721965
690923223
691120358
691319593
691518725
691717934
691917133
692116362
692315539
692514758
692713947
692913170
693112366
693311587
693510790
693710001
693909523
694108403
694307604
694510929
694706014
694905192
695104393
695303600
695502800
695702005
695901214
696100414
696299621
696498821
696698024
696897229
697096433
697295639
697494841
697694046
697893250
698092463
698291694
698490873
698690123
698889278
699088493
699287692
699486896
699686098
699885316
700086327
700283749
700482914
700682204
700881323
701080533
701279732
701478941
701678258
701877348
702076548
702275757
702474954
702674160
702874279
703072568
703271784
703470976
703670185
703869384
704068598
704267798
704467011
704666201
704865408
705064611
705263827
705463019
705662233
705861428
706060638
706259840
706459039
706658285
706857458
707057898
707255863
707455068
707654265
707853487
708052673
708251894
708451083
708650296
708849492
709048716
709247905
709447107
709646308
709845521
710044716
710243936
710443135
710642329
710841562
711040736
711239938
711439138
711638342
711837563
712036765
712235963
712435162
712634361
712833565
713032769
713231976
713431184
713630400
713829594
714028814
714228002
714427216
714626412
714825623
715024822
715224030
715423226
715622434
715821635
716020845
716220051
716419258
716618463
716817656
717016875
717216065
717415276
717614474
717813682
718012888
718212100
718411292
718610501
718809700
719008910
719209481
719407314
719606707
719805731
720004935
720204130
720403334
720602599
720801753
721000955
721200171
721399395
721598587
721797774
721996982
722196172
722395419
722594601
722793832
722992997
723192202
723391409
723590615
723789819
723989018
724188220
724387424
724586633
724785833
724985044
725184241
725383452
725582651
725781857
725981061
726180265
726379461
726578662
726777866
726977069
727176274
727375479
727574682
727773888
727973091
728172295
728371500
728570705
728769907
728969114
729168315
729367523
729566725
729765929
729965153
730164379
730363553
730562768
730761979
730965565
731160364
731359571
731558772
731757978
731957185
732156384
732355658
732554795
732754001
732953203
733152417
733351610
733550822
733750018
733949233
734148430
734347641
734546835
734746044
734945248
735144464
735343650
735542888
735742058
735941266
736140585
736339669
736538883
736738077
736937302
737136487
737335699
737534895
737734109
737933309
738132523
738331713
738530923
738730120
738929340
739128527
739328596
739526936
739726141
739925346
740124640
740323781
740522981
740722182
740921446
741120672
741319771
741518987
741718181
741917403
742116586
742315801
742514995
742714210
742913401
743112599
743311804
743511020
743710234
743909418
744108621
744307827
744507029
744706232
744905438
745104648
745303855
745503079
745702272
745901593
746100679
746299874
746499081
746698283
746897501
747096694
747295902
747495097
747694311
747893505
748092724
748291923
748491118
748690502
748889527
749088742
749287935
749487145
749686348
749885557
750084766
750283971
750483163
750682374
750881570
751080782
751279995
751479190
751678404
751877594
752076799
752275999
752475209
752674411
752873720
753072823
753272032
753471227
753670444
753869637
754068850
754268045
754467260
754666457
754865669
755064868
755264078
755463270
755662488
755861782
756060889
756260096
756459292
756658504
756857704
757056925
757256113
757455327
757654524
757856249
758052926
758252126
758451329
758650533
758849739
759048942
759248146
759447350
759646556
759845761
760044962
760244168
760443371
760642574
760841781
761040983
761240199
761439410
761638621
761837977
762037823
762236225
762436573
762637321
762833926
763033044
763232239
763431447
763630647
763829858
764029051
764228260
764427460
764626667
764825877
765025073
765224285
765423481
765622691
765821889
766021104
766220301
766419515
766618708
766817922
767017116
767216337
767415592
767618276
767813939
768013143
768212355
768411562
768611361
768809956
769009162
769208364
769407570
769607251
769805978
770005180
770204401
770403584
770602795
770801992
771001198
771200401
771399614
771598805
771798078
771997216
772196423
772395631
772594827
772794104
772993254
773192640
773391656
773590978
773792162
773989283
774188475
774387657
774586859
774786062
774985265
775184477
775383693
775582892
775782117
775981371
776180717
776379941
776579092
776779266
776980774
777176516
777375727
777576579
777774770
777973325
778172526
778371730
778570933
778770137
778969341
779168544
779367750
779566952
779766155
779965359
780164563
780363768
780562970
780762174
780961381
781160583
781359789
781558990
781758194
781957398
782156605
782355810
782555009
782754213
782953417
783152620
783351828
783551029
783750233
783949440
784148642
784347846
784547048
784746254
784945458
785144661
785343865
785543071
785742272
785941478
786140681
786339887
786539091
786738293
786937497
787136701
787335910
787535109
787734315
787933517
788132722
788331928
788531130
788730334
788929539
789128741
789327948
789527150
789726354
789925557
790124761
790323968
790523170
790722375
790921579
791120785
791319987
791519189
791718393
791917598
792116801
792316007
792515210
792714414
792913621
793112821
793312027
793511231
793710434
793909639
794108841
794308048
794507252
794706460
794905664
795104867
795304066
795503272
795702475
795901679
796100886
796300088
796499293
796698495
796897698
797096902
797296105
797495312
797694515
797893718
798092923
798292125
798491331
798690537
798889739
799088944
799288145
799487350
799686554
799885760
800084963
800284169
800483374
800682574
800881780
801080984
801280185
801479390
801678597
801877798
802077001
802276208
802475410
802674616
802873817
803073023
803272227
803471433
803670633
803869838
804069040
804268244
804467452
804666652
804865858
805065060
805264265
805463471
805662672
805861879
806061080
806260284
806459489
806658692
806857900
807057099
807256303
807455509
807654720
807853915
808053124
808252324
808451529
808650732
808849935
809049141
809248342
809447547
809646751
809845955
810045160
810244363
810443567
810642772
810841977
811041179
811240381
811439584
811638790
811837995
812037202
812236408
812435604
812634809
812834012
813033216
813232420
813431624
813630830
813830035
814029237
814228440
814427644
814626850
814826052
815025256
815224463
815423663
815622869
815822075
816021276
816220478
816419704
816618891
816818092
817017303
817216499
817415703
817614908
817814111
818013315
818212518
818411722
818610928
818810131
819009335
819208539
819407744
819606949
819806152
820005357
820204568
820403763
820602977
820802174
821001380
821200583
821399784
821598990
821798205
821997397
822196601
822395808
822595015
